1712494512322 0.15078567953729471 0
1712494512410 1.1984047841266985 0
1712494512482 2.364449264689999 0
1712494512537 3.690031855564838 0
1712494512583 4.315851397150472 0
1712494512629 5.885033566152494 0
1712494512679 6.151951698961199 0
1712494512724 7.551720343365203 0
1712494512764 8.712089185551449 0
1712494512816 9.282811699010578 0
1712494512883 10.308750139977334 0
1712494512962 11.808157387269157 0
1712494513054 12.533077157971253 0
1712494513156 13.264892216468718 0
1712494513248 14.234670093911564 0
