1712494512332 14.62662354536541 0
1712494512422 13.763769316255447 0
1712494512490 12.334934761484877 0
1712494512545 11.248710479855209 0
1712494512589 10.730941568639267 0
1712494512637 9.505901840342585 0
1712494512685 8.164616624532686 0
1712494512729 7.986391649684469 0
1712494512770 6.526141555721793 0
1712494512823 5.722760777421224 0
1712494512893 4.267798302004535 0
1712494512984 3.473516302755637 0
1712494513064 2.292401826583997 0
1712494513167 1.5822509917446916 0
1712494513257 0.3682758822468115 0
